Class_0:	0.9972360524512682
Class_1:	0.9921706830915298
Class_2:	0.830663398523391
Class_3:	0.41333736407344934
Class_4:	0.25951064405029456
Class_5:	0.4193542929081814
