Class_0:	0.9986632876288138
Class_1:	0.9966088402444315
Class_2:	0.8320273265709653
Class_3:	0.5937626071428007
Class_4:	0.6599344697955666
Class_5:	0.6206075876277823
