Class_0:	0.9975042426931818
Class_1:	0.9927433113126385
Class_2:	0.6057887540070153
Class_3:	0.2489488100665044
Class_4:	0.27156264349083886
Class_5:	0.3501898959622775
