Class_0:	0.9986407536207075
Class_1:	0.9965800990526643
Class_2:	0.7713476834173675
Class_3:	0.4484784688214735
Class_4:	0.7848416120980205
Class_5:	0.382702729715882
