Class_0:	0.9984598514301909
Class_1:	0.9960670645861539
Class_2:	0.7873448633210537
Class_3:	0.4992255281293948
Class_4:	0.7231976559845461
Class_5:	0.36446142776445833
