Class_0:	0.9985607826216909
Class_1:	0.9959580201718667
Class_2:	0.819073099533486
Class_3:	0.5136053978597249
Class_4:	0.7374285855606434
Class_5:	0.5696923617042788
