Class_0:	0.9971997108452697
Class_1:	0.9913548352732962
Class_2:	0.2884783143135066
Class_3:	0.4887590207638134
Class_4:	0.1488917996408623
Class_5:	0.07676483674773875
