Class_0:	0.9977571001291771
Class_1:	0.9937715054802158
Class_2:	0.3209090201586032
Class_3:	0.2637091663987005
Class_4:	0.2170300990157105
Class_5:	0.06353863013880003
