Class_0:	0.9894898694022686
Class_1:	0.9702638497566579
Class_2:	0.17960131920014166
Class_3:	0.11747145383845443
Class_4:	0.1064286798739503
Class_5:	0.0477662026478877
