Class_0:	0.9986564349111594
Class_1:	0.9964545022646714
Class_2:	0.6029877946130491
Class_3:	0.5171314915002596
Class_4:	0.5961648967156469
Class_5:	0.3695542901554068
