Class_0:	0.9978529391836977
Class_1:	0.9940731857580993
Class_2:	0.4646594001285628
Class_3:	0.3853943571110116
Class_4:	0.2951785987761896
Class_5:	0.10324656940709787
