Class_0:	0.9953737707189341
Class_1:	0.9849010434593308
Class_2:	0.7851944321169699
Class_3:	0.3585000126434531
Class_4:	0.23675027967785986
Class_5:	0.0
