Class_0:	0.9965902660985853
Class_1:	0.9904309004887413
Class_2:	0.25974207346491807
Class_3:	0.16916267326965315
Class_4:	0.21586665408617656
Class_5:	0.03599268560280138
