Class_0:	0.9807153605257287
Class_1:	0.9454023859364584
Class_2:	0.09884231585526587
Class_3:	0.0
Class_4:	0.06615427257682288
Class_5:	0.02769757081712877
