Class_0:	0.9985148399091056
Class_1:	0.9956624806116814
Class_2:	0.813542539326148
Class_3:	0.5313263366288326
Class_4:	0.5940668620409995
Class_5:	0.5714649280804815
